125953.49063339022
